(kicad_pcb (version 20171130) (host pcbnew 5.0.2+dfsg1-1)

  (general
    (thickness 1.6)
    (drawings 5)
    (tracks 360)
    (zones 0)
    (modules 28)
    (nets 40)
  )

  (page User 132.004 101.6)
  (title_block
    (title "GMote Small")
    (date 2019-02-26)
    (rev "Rev 0.2")
    (company DigiDev)
    (comment 1 https://www.digidev.de/gmote)
    (comment 2 2019/02)
    (comment 3 "Small Version")
    (comment 4 "Generic LoRaWAN Mote")
  )

  (layers
    (0 F.Cu signal)
    (31 B.Cu signal)
    (32 B.Adhes user hide)
    (33 F.Adhes user hide)
    (34 B.Paste user hide)
    (35 F.Paste user hide)
    (36 B.SilkS user)
    (37 F.SilkS user)
    (38 B.Mask user)
    (39 F.Mask user)
    (40 Dwgs.User user hide)
    (41 Cmts.User user hide)
    (42 Eco1.User user hide)
    (43 Eco2.User user hide)
    (44 Edge.Cuts user)
    (45 Margin user hide)
    (46 B.CrtYd user)
    (47 F.CrtYd user)
    (48 B.Fab user hide)
    (49 F.Fab user hide)
  )

  (setup
    (last_trace_width 0.15)
    (trace_clearance 0.15)
    (zone_clearance 0.15)
    (zone_45_only no)
    (trace_min 0.125)
    (segment_width 0.2)
    (edge_width 0.15)
    (via_size 0.4)
    (via_drill 0.3)
    (via_min_size 0.3)
    (via_min_drill 0.2)
    (uvia_size 0.3)
    (uvia_drill 0.1)
    (uvias_allowed no)
    (uvia_min_size 0.3)
    (uvia_min_drill 0.1)
    (pcb_text_width 0.3)
    (pcb_text_size 1.5 1.5)
    (mod_edge_width 0.15)
    (mod_text_size 1 1)
    (mod_text_width 0.15)
    (pad_size 1.524 1.524)
    (pad_drill 0.762)
    (pad_to_mask_clearance 0.1)
    (solder_mask_min_width 0.25)
    (aux_axis_origin 0 0)
    (visible_elements FFFFFF7F)
    (pcbplotparams
      (layerselection 0x010fc_ffffffff)
      (usegerberextensions false)
      (usegerberattributes false)
      (usegerberadvancedattributes false)
      (creategerberjobfile false)
      (excludeedgelayer true)
      (linewidth 0.100000)
      (plotframeref false)
      (viasonmask false)
      (mode 1)
      (useauxorigin false)
      (hpglpennumber 1)
      (hpglpenspeed 20)
      (hpglpendiameter 15.000000)
      (psnegative false)
      (psa4output false)
      (plotreference true)
      (plotvalue true)
      (plotinvisibletext false)
      (padsonsilk false)
      (subtractmaskfromsilk false)
      (outputformat 1)
      (mirror false)
      (drillshape 1)
      (scaleselection 1)
      (outputdirectory ""))
  )

  (net 0 "")
  (net 1 VCC)
  (net 2 GND)
  (net 3 Reset)
  (net 4 DTR)
  (net 5 XTAL1)
  (net 6 XTAL2)
  (net 7 "Net-(C8-Pad1)")
  (net 8 "Net-(J2-Pad3)")
  (net 9 RXI)
  (net 10 TXO)
  (net 11 "Net-(J2-Pad6)")
  (net 12 SDA)
  (net 13 SCL)
  (net 14 ADC0)
  (net 15 ADC1)
  (net 16 ADC2)
  (net 17 ADC3)
  (net 18 PD3)
  (net 19 PD4)
  (net 20 PD5)
  (net 21 PD6)
  (net 22 PD7)
  (net 23 ANT)
  (net 24 MISO)
  (net 25 SCK)
  (net 26 MOSI)
  (net 27 SS)
  (net 28 "Net-(U1-Pad7)")
  (net 29 "Net-(U1-Pad11)")
  (net 30 "Net-(U1-Pad12)")
  (net 31 PB0)
  (net 32 PB1)
  (net 33 "Net-(U1-Pad16)")
  (net 34 "Net-(U2-Pad1)")
  (net 35 "Net-(U2-Pad2)")
  (net 36 INT0)
  (net 37 "Net-(U2-Pad7)")
  (net 38 ADC6)
  (net 39 ADC7)

  (net_class Default "This is the default net class."
    (clearance 0.15)
    (trace_width 0.15)
    (via_dia 0.4)
    (via_drill 0.3)
    (uvia_dia 0.3)
    (uvia_drill 0.1)
    (add_net ADC0)
    (add_net ADC1)
    (add_net ADC2)
    (add_net ADC3)
    (add_net ADC6)
    (add_net ADC7)
    (add_net DTR)
    (add_net INT0)
    (add_net MISO)
    (add_net MOSI)
    (add_net "Net-(C8-Pad1)")
    (add_net "Net-(J2-Pad6)")
    (add_net "Net-(U1-Pad11)")
    (add_net "Net-(U1-Pad12)")
    (add_net "Net-(U1-Pad16)")
    (add_net "Net-(U1-Pad7)")
    (add_net "Net-(U2-Pad1)")
    (add_net "Net-(U2-Pad2)")
    (add_net "Net-(U2-Pad7)")
    (add_net PB0)
    (add_net PB1)
    (add_net PD3)
    (add_net PD4)
    (add_net PD5)
    (add_net PD6)
    (add_net PD7)
    (add_net RXI)
    (add_net Reset)
    (add_net SCK)
    (add_net SCL)
    (add_net SDA)
    (add_net SS)
    (add_net TXO)
    (add_net XTAL1)
    (add_net XTAL2)
  )

  (net_class AbsMin ""
    (clearance 0.125)
    (trace_width 0.125)
    (via_dia 0.3)
    (via_drill 0.2)
    (uvia_dia 0.3)
    (uvia_drill 0.1)
  )

  (net_class Big ""
    (clearance 0.2)
    (trace_width 0.5)
    (via_dia 0.8)
    (via_drill 0.4)
    (uvia_dia 0.3)
    (uvia_drill 0.1)
    (add_net ANT)
    (add_net GND)
    (add_net "Net-(J2-Pad3)")
    (add_net VCC)
  )

  (module Connector_JST:JST_PH_B2B-PH-K_1x02_P2.00mm_Vertical (layer F.Cu) (tedit 5B7745C2) (tstamp 5C07A157)
    (at 84.6328 27.5082 90)
    (descr "JST PH series connector, B2B-PH-K (http://www.jst-mfg.com/product/pdf/eng/ePH.pdf), generated with kicad-footprint-generator")
    (tags "connector JST PH side entry")
    (path /5BBE19AB)
    (fp_text reference J1 (at 4.9276 -1.2192 180) (layer F.SilkS)
      (effects (font (size 1 1) (thickness 0.15)))
    )
    (fp_text value Conn_01x02_Male (at 1 4 90) (layer F.Fab)
      (effects (font (size 1 1) (thickness 0.15)))
    )
    (fp_line (start -2.06 -1.81) (end -2.06 2.91) (layer F.SilkS) (width 0.12))
    (fp_line (start -2.06 2.91) (end 4.06 2.91) (layer F.SilkS) (width 0.12))
    (fp_line (start 4.06 2.91) (end 4.06 -1.81) (layer F.SilkS) (width 0.12))
    (fp_line (start 4.06 -1.81) (end -2.06 -1.81) (layer F.SilkS) (width 0.12))
    (fp_line (start -0.3 -1.81) (end -0.3 -2.01) (layer F.SilkS) (width 0.12))
    (fp_line (start -0.3 -2.01) (end -0.6 -2.01) (layer F.SilkS) (width 0.12))
    (fp_line (start -0.6 -2.01) (end -0.6 -1.81) (layer F.SilkS) (width 0.12))
    (fp_line (start -0.3 -1.91) (end -0.6 -1.91) (layer F.SilkS) (width 0.12))
    (fp_line (start 0.5 -1.81) (end 0.5 -1.2) (layer F.SilkS) (width 0.12))
    (fp_line (start 0.5 -1.2) (end -1.45 -1.2) (layer F.SilkS) (width 0.12))
    (fp_line (start -1.45 -1.2) (end -1.45 2.3) (layer F.SilkS) (width 0.12))
    (fp_line (start -1.45 2.3) (end 3.45 2.3) (layer F.SilkS) (width 0.12))
    (fp_line (start 3.45 2.3) (end 3.45 -1.2) (layer F.SilkS) (width 0.12))
    (fp_line (start 3.45 -1.2) (end 1.5 -1.2) (layer F.SilkS) (width 0.12))
    (fp_line (start 1.5 -1.2) (end 1.5 -1.81) (layer F.SilkS) (width 0.12))
    (fp_line (start -2.06 -0.5) (end -1.45 -0.5) (layer F.SilkS) (width 0.12))
    (fp_line (start -2.06 0.8) (end -1.45 0.8) (layer F.SilkS) (width 0.12))
    (fp_line (start 4.06 -0.5) (end 3.45 -0.5) (layer F.SilkS) (width 0.12))
    (fp_line (start 4.06 0.8) (end 3.45 0.8) (layer F.SilkS) (width 0.12))
    (fp_line (start 0.9 2.3) (end 0.9 1.8) (layer F.SilkS) (width 0.12))
    (fp_line (start 0.9 1.8) (end 1.1 1.8) (layer F.SilkS) (width 0.12))
    (fp_line (start 1.1 1.8) (end 1.1 2.3) (layer F.SilkS) (width 0.12))
    (fp_line (start 1 2.3) (end 1 1.8) (layer F.SilkS) (width 0.12))
    (fp_line (start -1.11 -2.11) (end -2.36 -2.11) (layer F.SilkS) (width 0.12))
    (fp_line (start -2.36 -2.11) (end -2.36 -0.86) (layer F.SilkS) (width 0.12))
    (fp_line (start -1.11 -2.11) (end -2.36 -2.11) (layer F.Fab) (width 0.1))
    (fp_line (start -2.36 -2.11) (end -2.36 -0.86) (layer F.Fab) (width 0.1))
    (fp_line (start -1.95 -1.7) (end -1.95 2.8) (layer F.Fab) (width 0.1))
    (fp_line (start -1.95 2.8) (end 3.95 2.8) (layer F.Fab) (width 0.1))
    (fp_line (start 3.95 2.8) (end 3.95 -1.7) (layer F.Fab) (width 0.1))
    (fp_line (start 3.95 -1.7) (end -1.95 -1.7) (layer F.Fab) (width 0.1))
    (fp_line (start -2.45 -2.2) (end -2.45 3.3) (layer F.CrtYd) (width 0.05))
    (fp_line (start -2.45 3.3) (end 4.45 3.3) (layer F.CrtYd) (width 0.05))
    (fp_line (start 4.45 3.3) (end 4.45 -2.2) (layer F.CrtYd) (width 0.05))
    (fp_line (start 4.45 -2.2) (end -2.45 -2.2) (layer F.CrtYd) (width 0.05))
    (fp_text user %R (at 1 1.5 90) (layer F.Fab)
      (effects (font (size 1 1) (thickness 0.15)))
    )
    (pad 1 thru_hole roundrect (at 0 0 90) (size 1.2 1.75) (drill 0.75) (layers *.Cu *.Mask) (roundrect_rratio 0.208333)
      (net 1 VCC))
    (pad 2 thru_hole oval (at 2 0 90) (size 1.2 1.75) (drill 0.75) (layers *.Cu *.Mask)
      (net 2 GND))
    (model ${KISYS3DMOD}/Connector_JST.3dshapes/JST_PH_B2B-PH-K_1x02_P2.00mm_Vertical.wrl
      (at (xyz 0 0 0))
      (scale (xyz 1 1 1))
      (rotate (xyz 0 0 0))
    )
  )

  (module RF_Module:HOPERF_RFM9XW_SMD (layer B.Cu) (tedit 5A030172) (tstamp 5BE94BE9)
    (at 65.2272 27.9654 90)
    (descr " Low Power Long Range Transceiver Module SMD-16 http://www.hoperf.com/upload/rf/RFM95_96_97_98W.pdf")
    (tags " Low Power Long Range Transceiver Module")
    (path /5BC1E65C)
    (attr smd)
    (fp_text reference U1 (at 5.1054 -6.9342 180) (layer B.SilkS)
      (effects (font (size 1 1) (thickness 0.15)) (justify mirror))
    )
    (fp_text value RFM95W-868S2 (at 0 -9.5 90) (layer B.Fab)
      (effects (font (size 1 1) (thickness 0.15)) (justify mirror))
    )
    (fp_line (start -8 8) (end 8 8) (layer B.Fab) (width 0.12))
    (fp_line (start 8 -8) (end 8 8) (layer B.Fab) (width 0.12))
    (fp_line (start -8 -8) (end 8 -8) (layer B.Fab) (width 0.12))
    (fp_line (start -8 -8) (end -8 8) (layer B.Fab) (width 0.12))
    (fp_text user %R (at 0 0 90) (layer B.Fab)
      (effects (font (size 1 1) (thickness 0.15)) (justify mirror))
    )
    (fp_line (start -8.12 8.12) (end 0 8.12) (layer B.SilkS) (width 0.1))
    (fp_line (start 6 -8.12) (end 8.12 -8.12) (layer B.SilkS) (width 0.1))
    (fp_line (start -9.45 8.25) (end 9.45 8.25) (layer B.CrtYd) (width 0.05))
    (fp_line (start 9.45 8.25) (end 9.45 -8.25) (layer B.CrtYd) (width 0.05))
    (fp_line (start -9.45 -8.25) (end 9.45 -8.25) (layer B.CrtYd) (width 0.05))
    (fp_line (start -9.45 -8.25) (end -9.45 8.25) (layer B.CrtYd) (width 0.05))
    (fp_line (start 8.12 -8.12) (end 8.12 -7.95) (layer B.SilkS) (width 0.1))
    (fp_line (start -8.12 -8.12) (end -6 -8.12) (layer B.SilkS) (width 0.1))
    (fp_line (start -8.12 -8.12) (end -8.12 -7.95) (layer B.SilkS) (width 0.1))
    (fp_line (start 6 8.12) (end 8.12 8.12) (layer B.SilkS) (width 0.1))
    (fp_line (start 8.12 8.12) (end 8.12 7.95) (layer B.SilkS) (width 0.1))
    (pad 1 smd rect (at -8 7 90) (size 2 1) (layers B.Cu B.Paste B.Mask)
      (net 2 GND))
    (pad 2 smd rect (at -8 5 90) (size 2 1) (layers B.Cu B.Paste B.Mask)
      (net 24 MISO))
    (pad 3 smd rect (at -8 3 90) (size 2 1) (layers B.Cu B.Paste B.Mask)
      (net 26 MOSI))
    (pad 4 smd rect (at -8 1 90) (size 2 1) (layers B.Cu B.Paste B.Mask)
      (net 25 SCK))
    (pad 5 smd rect (at -8 -1 90) (size 2 1) (layers B.Cu B.Paste B.Mask)
      (net 27 SS))
    (pad 6 smd rect (at -8 -3 90) (size 2 1) (layers B.Cu B.Paste B.Mask)
      (net 18 PD3))
    (pad 7 smd rect (at -8 -5 90) (size 2 1) (layers B.Cu B.Paste B.Mask)
      (net 28 "Net-(U1-Pad7)"))
    (pad 8 smd rect (at -8 -7 90) (size 2 1) (layers B.Cu B.Paste B.Mask)
      (net 2 GND))
    (pad 9 smd rect (at 8 -7 90) (size 2 1) (layers B.Cu B.Paste B.Mask)
      (net 23 ANT))
    (pad 10 smd rect (at 8 -5 90) (size 2 1) (layers B.Cu B.Paste B.Mask)
      (net 2 GND))
    (pad 11 smd rect (at 8 -3 90) (size 2 1) (layers B.Cu B.Paste B.Mask)
      (net 29 "Net-(U1-Pad11)"))
    (pad 12 smd rect (at 8 -1 90) (size 2 1) (layers B.Cu B.Paste B.Mask)
      (net 30 "Net-(U1-Pad12)"))
    (pad 13 smd rect (at 8 1 90) (size 2 1) (layers B.Cu B.Paste B.Mask)
      (net 1 VCC))
    (pad 14 smd rect (at 8 3 90) (size 2 1) (layers B.Cu B.Paste B.Mask)
      (net 31 PB0))
    (pad 15 smd rect (at 8 5 90) (size 2 1) (layers B.Cu B.Paste B.Mask)
      (net 32 PB1))
    (pad 16 smd rect (at 8 7 90) (size 2 1) (layers B.Cu B.Paste B.Mask)
      (net 33 "Net-(U1-Pad16)"))
    (model ${KISYS3DMOD}/RF_Module.3dshapes/HOPERF_RFM9XW_SMD.wrl
      (at (xyz 0 0 0))
      (scale (xyz 1 1 1))
      (rotate (xyz 0 0 0))
    )
  )

  (module Capacitor_SMD:C_0805_2012Metric_Pad1.15x1.40mm_HandSolder (layer F.Cu) (tedit 5B36C52B) (tstamp 5BE9795B)
    (at 86.5378 31.8516 180)
    (descr "Capacitor SMD 0805 (2012 Metric), square (rectangular) end terminal, IPC_7351 nominal with elongated pad for handsoldering. (Body size source: https://docs.google.com/spreadsheets/d/1BsfQQcO9C6DZCsRaXUlFlo91Tg2WpOkGARC1WS5S8t0/edit?usp=sharing), generated with kicad-footprint-generator")
    (tags "capacitor handsolder")
    (path /5BBE1DC0)
    (attr smd)
    (fp_text reference C2 (at 0.0254 1.5494 180) (layer F.SilkS)
      (effects (font (size 1 1) (thickness 0.15)))
    )
    (fp_text value 0.1uF (at 0 1.65 180) (layer F.Fab)
      (effects (font (size 1 1) (thickness 0.15)))
    )
    (fp_text user %R (at 0 0 180) (layer F.Fab)
      (effects (font (size 0.5 0.5) (thickness 0.08)))
    )
    (fp_line (start 1.85 0.95) (end -1.85 0.95) (layer F.CrtYd) (width 0.05))
    (fp_line (start 1.85 -0.95) (end 1.85 0.95) (layer F.CrtYd) (width 0.05))
    (fp_line (start -1.85 -0.95) (end 1.85 -0.95) (layer F.CrtYd) (width 0.05))
    (fp_line (start -1.85 0.95) (end -1.85 -0.95) (layer F.CrtYd) (width 0.05))
    (fp_line (start -0.261252 0.71) (end 0.261252 0.71) (layer F.SilkS) (width 0.12))
    (fp_line (start -0.261252 -0.71) (end 0.261252 -0.71) (layer F.SilkS) (width 0.12))
    (fp_line (start 1 0.6) (end -1 0.6) (layer F.Fab) (width 0.1))
    (fp_line (start 1 -0.6) (end 1 0.6) (layer F.Fab) (width 0.1))
    (fp_line (start -1 -0.6) (end 1 -0.6) (layer F.Fab) (width 0.1))
    (fp_line (start -1 0.6) (end -1 -0.6) (layer F.Fab) (width 0.1))
    (pad 2 smd roundrect (at 1.025 0 180) (size 1.15 1.4) (layers F.Cu F.Paste F.Mask) (roundrect_rratio 0.217391)
      (net 2 GND))
    (pad 1 smd roundrect (at -1.025 0 180) (size 1.15 1.4) (layers F.Cu F.Paste F.Mask) (roundrect_rratio 0.217391)
      (net 1 VCC))
    (model ${KISYS3DMOD}/Capacitor_SMD.3dshapes/C_0805_2012Metric.wrl
      (at (xyz 0 0 0))
      (scale (xyz 1 1 1))
      (rotate (xyz 0 0 0))
    )
  )

  (module Capacitor_SMD:C_0805_2012Metric_Pad1.15x1.40mm_HandSolder (layer B.Cu) (tedit 5B36C52B) (tstamp 5BE949FA)
    (at 75.0062 20.32 90)
    (descr "Capacitor SMD 0805 (2012 Metric), square (rectangular) end terminal, IPC_7351 nominal with elongated pad for handsoldering. (Body size source: https://docs.google.com/spreadsheets/d/1BsfQQcO9C6DZCsRaXUlFlo91Tg2WpOkGARC1WS5S8t0/edit?usp=sharing), generated with kicad-footprint-generator")
    (tags "capacitor handsolder")
    (path /5BC2F8DC)
    (attr smd)
    (fp_text reference C3 (at -2.9464 0.8128 180) (layer B.SilkS)
      (effects (font (size 1 1) (thickness 0.15)) (justify mirror))
    )
    (fp_text value 0.1uF (at 0 -1.65 90) (layer B.Fab)
      (effects (font (size 1 1) (thickness 0.15)) (justify mirror))
    )
    (fp_text user %R (at 0 0 90) (layer B.Fab)
      (effects (font (size 0.5 0.5) (thickness 0.08)) (justify mirror))
    )
    (fp_line (start 1.85 -0.95) (end -1.85 -0.95) (layer B.CrtYd) (width 0.05))
    (fp_line (start 1.85 0.95) (end 1.85 -0.95) (layer B.CrtYd) (width 0.05))
    (fp_line (start -1.85 0.95) (end 1.85 0.95) (layer B.CrtYd) (width 0.05))
    (fp_line (start -1.85 -0.95) (end -1.85 0.95) (layer B.CrtYd) (width 0.05))
    (fp_line (start -0.261252 -0.71) (end 0.261252 -0.71) (layer B.SilkS) (width 0.12))
    (fp_line (start -0.261252 0.71) (end 0.261252 0.71) (layer B.SilkS) (width 0.12))
    (fp_line (start 1 -0.6) (end -1 -0.6) (layer B.Fab) (width 0.1))
    (fp_line (start 1 0.6) (end 1 -0.6) (layer B.Fab) (width 0.1))
    (fp_line (start -1 0.6) (end 1 0.6) (layer B.Fab) (width 0.1))
    (fp_line (start -1 -0.6) (end -1 0.6) (layer B.Fab) (width 0.1))
    (pad 2 smd roundrect (at 1.025 0 90) (size 1.15 1.4) (layers B.Cu B.Paste B.Mask) (roundrect_rratio 0.217391)
      (net 1 VCC))
    (pad 1 smd roundrect (at -1.025 0 90) (size 1.15 1.4) (layers B.Cu B.Paste B.Mask) (roundrect_rratio 0.217391)
      (net 2 GND))
    (model ${KISYS3DMOD}/Capacitor_SMD.3dshapes/C_0805_2012Metric.wrl
      (at (xyz 0 0 0))
      (scale (xyz 1 1 1))
      (rotate (xyz 0 0 0))
    )
  )

  (module Capacitor_SMD:C_0805_2012Metric_Pad1.15x1.40mm_HandSolder (layer F.Cu) (tedit 5B36C52B) (tstamp 5BE94A0B)
    (at 54.864 40.5892)
    (descr "Capacitor SMD 0805 (2012 Metric), square (rectangular) end terminal, IPC_7351 nominal with elongated pad for handsoldering. (Body size source: https://docs.google.com/spreadsheets/d/1BsfQQcO9C6DZCsRaXUlFlo91Tg2WpOkGARC1WS5S8t0/edit?usp=sharing), generated with kicad-footprint-generator")
    (tags "capacitor handsolder")
    (path /5BBE715F)
    (attr smd)
    (fp_text reference C4 (at -2.9718 0.127) (layer F.SilkS)
      (effects (font (size 1 1) (thickness 0.15)))
    )
    (fp_text value 0.1uF (at 0 1.65) (layer F.Fab)
      (effects (font (size 1 1) (thickness 0.15)))
    )
    (fp_text user %R (at 0 0) (layer F.Fab)
      (effects (font (size 0.5 0.5) (thickness 0.08)))
    )
    (fp_line (start 1.85 0.95) (end -1.85 0.95) (layer F.CrtYd) (width 0.05))
    (fp_line (start 1.85 -0.95) (end 1.85 0.95) (layer F.CrtYd) (width 0.05))
    (fp_line (start -1.85 -0.95) (end 1.85 -0.95) (layer F.CrtYd) (width 0.05))
    (fp_line (start -1.85 0.95) (end -1.85 -0.95) (layer F.CrtYd) (width 0.05))
    (fp_line (start -0.261252 0.71) (end 0.261252 0.71) (layer F.SilkS) (width 0.12))
    (fp_line (start -0.261252 -0.71) (end 0.261252 -0.71) (layer F.SilkS) (width 0.12))
    (fp_line (start 1 0.6) (end -1 0.6) (layer F.Fab) (width 0.1))
    (fp_line (start 1 -0.6) (end 1 0.6) (layer F.Fab) (width 0.1))
    (fp_line (start -1 -0.6) (end 1 -0.6) (layer F.Fab) (width 0.1))
    (fp_line (start -1 0.6) (end -1 -0.6) (layer F.Fab) (width 0.1))
    (pad 2 smd roundrect (at 1.025 0) (size 1.15 1.4) (layers F.Cu F.Paste F.Mask) (roundrect_rratio 0.217391)
      (net 3 Reset))
    (pad 1 smd roundrect (at -1.025 0) (size 1.15 1.4) (layers F.Cu F.Paste F.Mask) (roundrect_rratio 0.217391)
      (net 4 DTR))
    (model ${KISYS3DMOD}/Capacitor_SMD.3dshapes/C_0805_2012Metric.wrl
      (at (xyz 0 0 0))
      (scale (xyz 1 1 1))
      (rotate (xyz 0 0 0))
    )
  )

  (module Capacitor_SMD:C_0805_2012Metric_Pad1.15x1.40mm_HandSolder (layer F.Cu) (tedit 5B36C52B) (tstamp 5C2A3A5C)
    (at 53.4162 31.1531)
    (descr "Capacitor SMD 0805 (2012 Metric), square (rectangular) end terminal, IPC_7351 nominal with elongated pad for handsoldering. (Body size source: https://docs.google.com/spreadsheets/d/1BsfQQcO9C6DZCsRaXUlFlo91Tg2WpOkGARC1WS5S8t0/edit?usp=sharing), generated with kicad-footprint-generator")
    (tags "capacitor handsolder")
    (path /5BC22A25)
    (attr smd)
    (fp_text reference C5 (at 0 -1.65) (layer F.SilkS)
      (effects (font (size 1 1) (thickness 0.15)))
    )
    (fp_text value 16pF (at 0 1.65) (layer F.Fab)
      (effects (font (size 1 1) (thickness 0.15)))
    )
    (fp_text user %R (at 0 0) (layer F.Fab)
      (effects (font (size 0.5 0.5) (thickness 0.08)))
    )
    (fp_line (start 1.85 0.95) (end -1.85 0.95) (layer F.CrtYd) (width 0.05))
    (fp_line (start 1.85 -0.95) (end 1.85 0.95) (layer F.CrtYd) (width 0.05))
    (fp_line (start -1.85 -0.95) (end 1.85 -0.95) (layer F.CrtYd) (width 0.05))
    (fp_line (start -1.85 0.95) (end -1.85 -0.95) (layer F.CrtYd) (width 0.05))
    (fp_line (start -0.261252 0.71) (end 0.261252 0.71) (layer F.SilkS) (width 0.12))
    (fp_line (start -0.261252 -0.71) (end 0.261252 -0.71) (layer F.SilkS) (width 0.12))
    (fp_line (start 1 0.6) (end -1 0.6) (layer F.Fab) (width 0.1))
    (fp_line (start 1 -0.6) (end 1 0.6) (layer F.Fab) (width 0.1))
    (fp_line (start -1 -0.6) (end 1 -0.6) (layer F.Fab) (width 0.1))
    (fp_line (start -1 0.6) (end -1 -0.6) (layer F.Fab) (width 0.1))
    (pad 2 smd roundrect (at 1.025 0) (size 1.15 1.4) (layers F.Cu F.Paste F.Mask) (roundrect_rratio 0.217391)
      (net 5 XTAL1))
    (pad 1 smd roundrect (at -1.025 0) (size 1.15 1.4) (layers F.Cu F.Paste F.Mask) (roundrect_rratio 0.217391)
      (net 2 GND))
    (model ${KISYS3DMOD}/Capacitor_SMD.3dshapes/C_0805_2012Metric.wrl
      (at (xyz 0 0 0))
      (scale (xyz 1 1 1))
      (rotate (xyz 0 0 0))
    )
  )

  (module Capacitor_SMD:C_0805_2012Metric_Pad1.15x1.40mm_HandSolder (layer F.Cu) (tedit 5B36C52B) (tstamp 5BE94A2D)
    (at 53.4162 33.655)
    (descr "Capacitor SMD 0805 (2012 Metric), square (rectangular) end terminal, IPC_7351 nominal with elongated pad for handsoldering. (Body size source: https://docs.google.com/spreadsheets/d/1BsfQQcO9C6DZCsRaXUlFlo91Tg2WpOkGARC1WS5S8t0/edit?usp=sharing), generated with kicad-footprint-generator")
    (tags "capacitor handsolder")
    (path /5BC22AA6)
    (attr smd)
    (fp_text reference C6 (at 0.9906 1.7018) (layer F.SilkS)
      (effects (font (size 1 1) (thickness 0.15)))
    )
    (fp_text value 16pF (at 0 1.65) (layer F.Fab)
      (effects (font (size 1 1) (thickness 0.15)))
    )
    (fp_line (start -1 0.6) (end -1 -0.6) (layer F.Fab) (width 0.1))
    (fp_line (start -1 -0.6) (end 1 -0.6) (layer F.Fab) (width 0.1))
    (fp_line (start 1 -0.6) (end 1 0.6) (layer F.Fab) (width 0.1))
    (fp_line (start 1 0.6) (end -1 0.6) (layer F.Fab) (width 0.1))
    (fp_line (start -0.261252 -0.71) (end 0.261252 -0.71) (layer F.SilkS) (width 0.12))
    (fp_line (start -0.261252 0.71) (end 0.261252 0.71) (layer F.SilkS) (width 0.12))
    (fp_line (start -1.85 0.95) (end -1.85 -0.95) (layer F.CrtYd) (width 0.05))
    (fp_line (start -1.85 -0.95) (end 1.85 -0.95) (layer F.CrtYd) (width 0.05))
    (fp_line (start 1.85 -0.95) (end 1.85 0.95) (layer F.CrtYd) (width 0.05))
    (fp_line (start 1.85 0.95) (end -1.85 0.95) (layer F.CrtYd) (width 0.05))
    (fp_text user %R (at 0 0) (layer F.Fab)
      (effects (font (size 0.5 0.5) (thickness 0.08)))
    )
    (pad 1 smd roundrect (at -1.025 0) (size 1.15 1.4) (layers F.Cu F.Paste F.Mask) (roundrect_rratio 0.217391)
      (net 2 GND))
    (pad 2 smd roundrect (at 1.025 0) (size 1.15 1.4) (layers F.Cu F.Paste F.Mask) (roundrect_rratio 0.217391)
      (net 6 XTAL2))
    (model ${KISYS3DMOD}/Capacitor_SMD.3dshapes/C_0805_2012Metric.wrl
      (at (xyz 0 0 0))
      (scale (xyz 1 1 1))
      (rotate (xyz 0 0 0))
    )
  )

  (module Capacitor_SMD:C_0805_2012Metric_Pad1.15x1.40mm_HandSolder (layer F.Cu) (tedit 5B36C52B) (tstamp 5BE94A3E)
    (at 57.3532 27.5844)
    (descr "Capacitor SMD 0805 (2012 Metric), square (rectangular) end terminal, IPC_7351 nominal with elongated pad for handsoldering. (Body size source: https://docs.google.com/spreadsheets/d/1BsfQQcO9C6DZCsRaXUlFlo91Tg2WpOkGARC1WS5S8t0/edit?usp=sharing), generated with kicad-footprint-generator")
    (tags "capacitor handsolder")
    (path /5BC2F9E0)
    (attr smd)
    (fp_text reference C7 (at 0 -1.65) (layer F.SilkS)
      (effects (font (size 1 1) (thickness 0.15)))
    )
    (fp_text value 0.1uF (at 0 1.65) (layer F.Fab)
      (effects (font (size 1 1) (thickness 0.15)))
    )
    (fp_line (start -1 0.6) (end -1 -0.6) (layer F.Fab) (width 0.1))
    (fp_line (start -1 -0.6) (end 1 -0.6) (layer F.Fab) (width 0.1))
    (fp_line (start 1 -0.6) (end 1 0.6) (layer F.Fab) (width 0.1))
    (fp_line (start 1 0.6) (end -1 0.6) (layer F.Fab) (width 0.1))
    (fp_line (start -0.261252 -0.71) (end 0.261252 -0.71) (layer F.SilkS) (width 0.12))
    (fp_line (start -0.261252 0.71) (end 0.261252 0.71) (layer F.SilkS) (width 0.12))
    (fp_line (start -1.85 0.95) (end -1.85 -0.95) (layer F.CrtYd) (width 0.05))
    (fp_line (start -1.85 -0.95) (end 1.85 -0.95) (layer F.CrtYd) (width 0.05))
    (fp_line (start 1.85 -0.95) (end 1.85 0.95) (layer F.CrtYd) (width 0.05))
    (fp_line (start 1.85 0.95) (end -1.85 0.95) (layer F.CrtYd) (width 0.05))
    (fp_text user %R (at 0 0) (layer F.Fab)
      (effects (font (size 0.5 0.5) (thickness 0.08)))
    )
    (pad 1 smd roundrect (at -1.025 0) (size 1.15 1.4) (layers F.Cu F.Paste F.Mask) (roundrect_rratio 0.217391)
      (net 2 GND))
    (pad 2 smd roundrect (at 1.025 0) (size 1.15 1.4) (layers F.Cu F.Paste F.Mask) (roundrect_rratio 0.217391)
      (net 1 VCC))
    (model ${KISYS3DMOD}/Capacitor_SMD.3dshapes/C_0805_2012Metric.wrl
      (at (xyz 0 0 0))
      (scale (xyz 1 1 1))
      (rotate (xyz 0 0 0))
    )
  )

  (module Capacitor_SMD:C_0805_2012Metric_Pad1.15x1.40mm_HandSolder (layer F.Cu) (tedit 5B36C52B) (tstamp 5BE94A4F)
    (at 72.2884 29.3878 270)
    (descr "Capacitor SMD 0805 (2012 Metric), square (rectangular) end terminal, IPC_7351 nominal with elongated pad for handsoldering. (Body size source: https://docs.google.com/spreadsheets/d/1BsfQQcO9C6DZCsRaXUlFlo91Tg2WpOkGARC1WS5S8t0/edit?usp=sharing), generated with kicad-footprint-generator")
    (tags "capacitor handsolder")
    (path /5BBE924A)
    (attr smd)
    (fp_text reference C8 (at 2.9464 0.254) (layer F.SilkS)
      (effects (font (size 1 1) (thickness 0.15)))
    )
    (fp_text value 0.1uF (at 0 1.65 270) (layer F.Fab)
      (effects (font (size 1 1) (thickness 0.15)))
    )
    (fp_text user %R (at 0 0 270) (layer F.Fab)
      (effects (font (size 0.5 0.5) (thickness 0.08)))
    )
    (fp_line (start 1.85 0.95) (end -1.85 0.95) (layer F.CrtYd) (width 0.05))
    (fp_line (start 1.85 -0.95) (end 1.85 0.95) (layer F.CrtYd) (width 0.05))
    (fp_line (start -1.85 -0.95) (end 1.85 -0.95) (layer F.CrtYd) (width 0.05))
    (fp_line (start -1.85 0.95) (end -1.85 -0.95) (layer F.CrtYd) (width 0.05))
    (fp_line (start -0.261252 0.71) (end 0.261252 0.71) (layer F.SilkS) (width 0.12))
    (fp_line (start -0.261252 -0.71) (end 0.261252 -0.71) (layer F.SilkS) (width 0.12))
    (fp_line (start 1 0.6) (end -1 0.6) (layer F.Fab) (width 0.1))
    (fp_line (start 1 -0.6) (end 1 0.6) (layer F.Fab) (width 0.1))
    (fp_line (start -1 -0.6) (end 1 -0.6) (layer F.Fab) (width 0.1))
    (fp_line (start -1 0.6) (end -1 -0.6) (layer F.Fab) (width 0.1))
    (pad 2 smd roundrect (at 1.025 0 270) (size 1.15 1.4) (layers F.Cu F.Paste F.Mask) (roundrect_rratio 0.217391)
      (net 2 GND))
    (pad 1 smd roundrect (at -1.025 0 270) (size 1.15 1.4) (layers F.Cu F.Paste F.Mask) (roundrect_rratio 0.217391)
      (net 7 "Net-(C8-Pad1)"))
    (model ${KISYS3DMOD}/Capacitor_SMD.3dshapes/C_0805_2012Metric.wrl
      (at (xyz 0 0 0))
      (scale (xyz 1 1 1))
      (rotate (xyz 0 0 0))
    )
  )

  (module Connector_PinHeader_2.54mm:PinHeader_1x06_P2.54mm_Vertical (layer F.Cu) (tedit 59FED5CC) (tstamp 5BE94A7F)
    (at 48.387 24.8666)
    (descr "Through hole straight pin header, 1x06, 2.54mm pitch, single row")
    (tags "Through hole pin header THT 1x06 2.54mm single row")
    (path /5BBE27F2)
    (fp_text reference J2 (at 0 -2.33) (layer F.SilkS)
      (effects (font (size 1 1) (thickness 0.15)))
    )
    (fp_text value Conn_01x06_Male (at 0 15.03) (layer F.Fab)
      (effects (font (size 1 1) (thickness 0.15)))
    )
    (fp_line (start -0.635 -1.27) (end 1.27 -1.27) (layer F.Fab) (width 0.1))
    (fp_line (start 1.27 -1.27) (end 1.27 13.97) (layer F.Fab) (width 0.1))
    (fp_line (start 1.27 13.97) (end -1.27 13.97) (layer F.Fab) (width 0.1))
    (fp_line (start -1.27 13.97) (end -1.27 -0.635) (layer F.Fab) (width 0.1))
    (fp_line (start -1.27 -0.635) (end -0.635 -1.27) (layer F.Fab) (width 0.1))
    (fp_line (start -1.33 14.03) (end 1.33 14.03) (layer F.SilkS) (width 0.12))
    (fp_line (start -1.33 1.27) (end -1.33 14.03) (layer F.SilkS) (width 0.12))
    (fp_line (start 1.33 1.27) (end 1.33 14.03) (layer F.SilkS) (width 0.12))
    (fp_line (start -1.33 1.27) (end 1.33 1.27) (layer F.SilkS) (width 0.12))
    (fp_line (start -1.33 0) (end -1.33 -1.33) (layer F.SilkS) (width 0.12))
    (fp_line (start -1.33 -1.33) (end 0 -1.33) (layer F.SilkS) (width 0.12))
    (fp_line (start -1.8 -1.8) (end -1.8 14.5) (layer F.CrtYd) (width 0.05))
    (fp_line (start -1.8 14.5) (end 1.8 14.5) (layer F.CrtYd) (width 0.05))
    (fp_line (start 1.8 14.5) (end 1.8 -1.8) (layer F.CrtYd) (width 0.05))
    (fp_line (start 1.8 -1.8) (end -1.8 -1.8) (layer F.CrtYd) (width 0.05))
    (fp_text user %R (at 0 6.35 90) (layer F.Fab)
      (effects (font (size 1 1) (thickness 0.15)))
    )
    (pad 1 thru_hole rect (at 0 0) (size 1.7 1.7) (drill 1) (layers *.Cu *.Mask)
      (net 2 GND))
    (pad 2 thru_hole oval (at 0 2.54) (size 1.7 1.7) (drill 1) (layers *.Cu *.Mask)
      (net 2 GND))
    (pad 3 thru_hole oval (at 0 5.08) (size 1.7 1.7) (drill 1) (layers *.Cu *.Mask)
      (net 8 "Net-(J2-Pad3)"))
    (pad 4 thru_hole oval (at 0 7.62) (size 1.7 1.7) (drill 1) (layers *.Cu *.Mask)
      (net 9 RXI))
    (pad 5 thru_hole oval (at 0 10.16) (size 1.7 1.7) (drill 1) (layers *.Cu *.Mask)
      (net 10 TXO))
    (pad 6 thru_hole oval (at 0 12.7) (size 1.7 1.7) (drill 1) (layers *.Cu *.Mask)
      (net 11 "Net-(J2-Pad6)"))
    (model ${KISYS3DMOD}/Connector_PinHeader_2.54mm.3dshapes/PinHeader_1x06_P2.54mm_Vertical.wrl
      (at (xyz 0 0 0))
      (scale (xyz 1 1 1))
      (rotate (xyz 0 0 0))
    )
  )

  (module Connector_PinHeader_2.54mm:PinHeader_1x04_P2.54mm_Vertical (layer F.Cu) (tedit 59FED5CC) (tstamp 5BE97B68)
    (at 86.614 20.2438 270)
    (descr "Through hole straight pin header, 1x04, 2.54mm pitch, single row")
    (tags "Through hole pin header THT 1x04 2.54mm single row")
    (path /5BC32E31)
    (fp_text reference J3 (at 0.4572 10.16) (layer F.SilkS)
      (effects (font (size 1 1) (thickness 0.15)))
    )
    (fp_text value Conn_01x04_Male (at 0 9.95 270) (layer F.Fab)
      (effects (font (size 1 1) (thickness 0.15)))
    )
    (fp_line (start -0.635 -1.27) (end 1.27 -1.27) (layer F.Fab) (width 0.1))
    (fp_line (start 1.27 -1.27) (end 1.27 8.89) (layer F.Fab) (width 0.1))
    (fp_line (start 1.27 8.89) (end -1.27 8.89) (layer F.Fab) (width 0.1))
    (fp_line (start -1.27 8.89) (end -1.27 -0.635) (layer F.Fab) (width 0.1))
    (fp_line (start -1.27 -0.635) (end -0.635 -1.27) (layer F.Fab) (width 0.1))
    (fp_line (start -1.33 8.95) (end 1.33 8.95) (layer F.SilkS) (width 0.12))
    (fp_line (start -1.33 1.27) (end -1.33 8.95) (layer F.SilkS) (width 0.12))
    (fp_line (start 1.33 1.27) (end 1.33 8.95) (layer F.SilkS) (width 0.12))
    (fp_line (start -1.33 1.27) (end 1.33 1.27) (layer F.SilkS) (width 0.12))
    (fp_line (start -1.33 0) (end -1.33 -1.33) (layer F.SilkS) (width 0.12))
    (fp_line (start -1.33 -1.33) (end 0 -1.33) (layer F.SilkS) (width 0.12))
    (fp_line (start -1.8 -1.8) (end -1.8 9.4) (layer F.CrtYd) (width 0.05))
    (fp_line (start -1.8 9.4) (end 1.8 9.4) (layer F.CrtYd) (width 0.05))
    (fp_line (start 1.8 9.4) (end 1.8 -1.8) (layer F.CrtYd) (width 0.05))
    (fp_line (start 1.8 -1.8) (end -1.8 -1.8) (layer F.CrtYd) (width 0.05))
    (fp_text user %R (at 0 3.81) (layer F.Fab)
      (effects (font (size 1 1) (thickness 0.15)))
    )
    (pad 1 thru_hole rect (at 0 0 270) (size 1.7 1.7) (drill 1) (layers *.Cu *.Mask)
      (net 1 VCC))
    (pad 2 thru_hole oval (at 0 2.54 270) (size 1.7 1.7) (drill 1) (layers *.Cu *.Mask)
      (net 2 GND))
    (pad 3 thru_hole oval (at 0 5.08 270) (size 1.7 1.7) (drill 1) (layers *.Cu *.Mask)
      (net 12 SDA))
    (pad 4 thru_hole oval (at 0 7.62 270) (size 1.7 1.7) (drill 1) (layers *.Cu *.Mask)
      (net 13 SCL))
    (model ${KISYS3DMOD}/Connector_PinHeader_2.54mm.3dshapes/PinHeader_1x04_P2.54mm_Vertical.wrl
      (at (xyz 0 0 0))
      (scale (xyz 1 1 1))
      (rotate (xyz 0 0 0))
    )
  )

  (module Connector_PinSocket_2.54mm:PinSocket_1x06_P2.54mm_Vertical (layer F.Cu) (tedit 5A19A430) (tstamp 5BE94AB1)
    (at 78.5876 47.8282 180)
    (descr "Through hole straight socket strip, 1x06, 2.54mm pitch, single row (from Kicad 4.0.7), script generated")
    (tags "Through hole socket strip THT 1x06 2.54mm single row")
    (path /5BC741F3)
    (fp_text reference J4 (at 2.4638 2.1844 180) (layer F.SilkS)
      (effects (font (size 1 1) (thickness 0.15)))
    )
    (fp_text value Conn_ADC (at 0 15.47 180) (layer F.Fab)
      (effects (font (size 1 1) (thickness 0.15)))
    )
    (fp_text user %R (at 0 6.35 270) (layer F.Fab)
      (effects (font (size 1 1) (thickness 0.15)))
    )
    (fp_line (start -1.8 14.45) (end -1.8 -1.8) (layer F.CrtYd) (width 0.05))
    (fp_line (start 1.75 14.45) (end -1.8 14.45) (layer F.CrtYd) (width 0.05))
    (fp_line (start 1.75 -1.8) (end 1.75 14.45) (layer F.CrtYd) (width 0.05))
    (fp_line (start -1.8 -1.8) (end 1.75 -1.8) (layer F.CrtYd) (width 0.05))
    (fp_line (start 0 -1.33) (end 1.33 -1.33) (layer F.SilkS) (width 0.12))
    (fp_line (start 1.33 -1.33) (end 1.33 0) (layer F.SilkS) (width 0.12))
    (fp_line (start 1.33 1.27) (end 1.33 14.03) (layer F.SilkS) (width 0.12))
    (fp_line (start -1.33 14.03) (end 1.33 14.03) (layer F.SilkS) (width 0.12))
    (fp_line (start -1.33 1.27) (end -1.33 14.03) (layer F.SilkS) (width 0.12))
    (fp_line (start -1.33 1.27) (end 1.33 1.27) (layer F.SilkS) (width 0.12))
    (fp_line (start -1.27 13.97) (end -1.27 -1.27) (layer F.Fab) (width 0.1))
    (fp_line (start 1.27 13.97) (end -1.27 13.97) (layer F.Fab) (width 0.1))
    (fp_line (start 1.27 -0.635) (end 1.27 13.97) (layer F.Fab) (width 0.1))
    (fp_line (start 0.635 -1.27) (end 1.27 -0.635) (layer F.Fab) (width 0.1))
    (fp_line (start -1.27 -1.27) (end 0.635 -1.27) (layer F.Fab) (width 0.1))
    (pad 6 thru_hole oval (at 0 12.7 180) (size 1.7 1.7) (drill 1) (layers *.Cu *.Mask)
      (net 1 VCC))
    (pad 5 thru_hole oval (at 0 10.16 180) (size 1.7 1.7) (drill 1) (layers *.Cu *.Mask)
      (net 17 ADC3))
    (pad 4 thru_hole oval (at 0 7.62 180) (size 1.7 1.7) (drill 1) (layers *.Cu *.Mask)
      (net 16 ADC2))
    (pad 3 thru_hole oval (at 0 5.08 180) (size 1.7 1.7) (drill 1) (layers *.Cu *.Mask)
      (net 15 ADC1))
    (pad 2 thru_hole oval (at 0 2.54 180) (size 1.7 1.7) (drill 1) (layers *.Cu *.Mask)
      (net 14 ADC0))
    (pad 1 thru_hole rect (at 0 0 180) (size 1.7 1.7) (drill 1) (layers *.Cu *.Mask)
      (net 2 GND))
    (model ${KISYS3DMOD}/Connector_PinSocket_2.54mm.3dshapes/PinSocket_1x06_P2.54mm_Vertical.wrl
      (at (xyz 0 0 0))
      (scale (xyz 1 1 1))
      (rotate (xyz 0 0 0))
    )
  )

  (module Connector_PinSocket_2.54mm:PinSocket_1x06_P2.54mm_Vertical (layer F.Cu) (tedit 5A19A430) (tstamp 5BE94ACB)
    (at 58.928 39.6748 90)
    (descr "Through hole straight socket strip, 1x06, 2.54mm pitch, single row (from Kicad 4.0.7), script generated")
    (tags "Through hole socket strip THT 1x06 2.54mm single row")
    (path /5BD92C8E)
    (fp_text reference J5 (at 2.3114 0 180) (layer F.SilkS)
      (effects (font (size 1 1) (thickness 0.15)))
    )
    (fp_text value Conn_IO (at 0 15.47 90) (layer F.Fab)
      (effects (font (size 1 1) (thickness 0.15)))
    )
    (fp_line (start -1.27 -1.27) (end 0.635 -1.27) (layer F.Fab) (width 0.1))
    (fp_line (start 0.635 -1.27) (end 1.27 -0.635) (layer F.Fab) (width 0.1))
    (fp_line (start 1.27 -0.635) (end 1.27 13.97) (layer F.Fab) (width 0.1))
    (fp_line (start 1.27 13.97) (end -1.27 13.97) (layer F.Fab) (width 0.1))
    (fp_line (start -1.27 13.97) (end -1.27 -1.27) (layer F.Fab) (width 0.1))
    (fp_line (start -1.33 1.27) (end 1.33 1.27) (layer F.SilkS) (width 0.12))
    (fp_line (start -1.33 1.27) (end -1.33 14.03) (layer F.SilkS) (width 0.12))
    (fp_line (start -1.33 14.03) (end 1.33 14.03) (layer F.SilkS) (width 0.12))
    (fp_line (start 1.33 1.27) (end 1.33 14.03) (layer F.SilkS) (width 0.12))
    (fp_line (start 1.33 -1.33) (end 1.33 0) (layer F.SilkS) (width 0.12))
    (fp_line (start 0 -1.33) (end 1.33 -1.33) (layer F.SilkS) (width 0.12))
    (fp_line (start -1.8 -1.8) (end 1.75 -1.8) (layer F.CrtYd) (width 0.05))
    (fp_line (start 1.75 -1.8) (end 1.75 14.45) (layer F.CrtYd) (width 0.05))
    (fp_line (start 1.75 14.45) (end -1.8 14.45) (layer F.CrtYd) (width 0.05))
    (fp_line (start -1.8 14.45) (end -1.8 -1.8) (layer F.CrtYd) (width 0.05))
    (fp_text user %R (at 0 6.35 180) (layer F.Fab)
      (effects (font (size 1 1) (thickness 0.15)))
    )
    (pad 1 thru_hole rect (at 0 0 90) (size 1.7 1.7) (drill 1) (layers *.Cu *.Mask)
      (net 2 GND))
    (pad 2 thru_hole oval (at 0 2.54 90) (size 1.7 1.7) (drill 1) (layers *.Cu *.Mask)
      (net 19 PD4))
    (pad 3 thru_hole oval (at 0 5.08 90) (size 1.7 1.7) (drill 1) (layers *.Cu *.Mask)
      (net 20 PD5))
    (pad 4 thru_hole oval (at 0 7.62 90) (size 1.7 1.7) (drill 1) (layers *.Cu *.Mask)
      (net 21 PD6))
    (pad 5 thru_hole oval (at 0 10.16 90) (size 1.7 1.7) (drill 1) (layers *.Cu *.Mask)
      (net 22 PD7))
    (pad 6 thru_hole oval (at 0 12.7 90) (size 1.7 1.7) (drill 1) (layers *.Cu *.Mask)
      (net 1 VCC))
    (model ${KISYS3DMOD}/Connector_PinSocket_2.54mm.3dshapes/PinSocket_1x06_P2.54mm_Vertical.wrl
      (at (xyz 0 0 0))
      (scale (xyz 1 1 1))
      (rotate (xyz 0 0 0))
    )
  )

  (module Connector_Coaxial:U.FL_Hirose_U.FL-R-SMT-1_Vertical (layer B.Cu) (tedit 5A1DBFC3) (tstamp 5BE94AF8)
    (at 53.7464 19.9644)
    (descr "Hirose U.FL Coaxial https://www.hirose.com/product/en/products/U.FL/U.FL-R-SMT-1%2810%29/")
    (tags "Hirose U.FL Coaxial")
    (path /5BC51790)
    (attr smd)
    (fp_text reference J6 (at 0.1778 6.8834) (layer B.SilkS)
      (effects (font (size 1 1) (thickness 0.15)) (justify mirror))
    )
    (fp_text value Ant_UFL (at 0.475 -3.2) (layer B.Fab)
      (effects (font (size 1 1) (thickness 0.15)) (justify mirror))
    )
    (fp_text user %R (at 0.475 0 -90) (layer B.Fab)
      (effects (font (size 0.6 0.6) (thickness 0.09)) (justify mirror))
    )
    (fp_line (start -2.02 -1) (end -2.02 1) (layer B.CrtYd) (width 0.05))
    (fp_line (start -1.32 -1) (end -2.02 -1) (layer B.CrtYd) (width 0.05))
    (fp_line (start 2.08 -1.8) (end 2.28 -1.8) (layer B.CrtYd) (width 0.05))
    (fp_line (start 2.08 -2.5) (end 2.08 -1.8) (layer B.CrtYd) (width 0.05))
    (fp_line (start 2.28 -1.8) (end 2.28 1.8) (layer B.CrtYd) (width 0.05))
    (fp_line (start -1.32 -1.8) (end -1.12 -1.8) (layer B.CrtYd) (width 0.05))
    (fp_line (start -1.12 -2.5) (end -1.12 -1.8) (layer B.CrtYd) (width 0.05))
    (fp_line (start 2.08 -2.5) (end -1.12 -2.5) (layer B.CrtYd) (width 0.05))
    (fp_line (start 1.835 1.35) (end 1.835 -1.35) (layer B.SilkS) (width 0.12))
    (fp_line (start -0.885 0.76) (end -1.515 0.76) (layer B.SilkS) (width 0.12))
    (fp_line (start -0.885 -1.4) (end -0.885 -0.76) (layer B.SilkS) (width 0.12))
    (fp_line (start -0.925 0.3) (end -1.075 0.15) (layer B.Fab) (width 0.1))
    (fp_line (start 1.775 1.3) (end 1.375 1.3) (layer B.Fab) (width 0.1))
    (fp_line (start 1.375 1.5) (end 1.375 1.3) (layer B.Fab) (width 0.1))
    (fp_line (start -0.425 1.5) (end 1.375 1.5) (layer B.Fab) (width 0.1))
    (fp_line (start 1.775 1.3) (end 1.775 -1.3) (layer B.Fab) (width 0.1))
    (fp_line (start 1.775 -1.3) (end 1.375 -1.3) (layer B.Fab) (width 0.1))
    (fp_line (start 1.375 -1.5) (end 1.375 -1.3) (layer B.Fab) (width 0.1))
    (fp_line (start -0.425 -1.5) (end 1.375 -1.5) (layer B.Fab) (width 0.1))
    (fp_line (start -0.425 1.3) (end -0.825 1.3) (layer B.Fab) (width 0.1))
    (fp_line (start -0.425 1.5) (end -0.425 1.3) (layer B.Fab) (width 0.1))
    (fp_line (start -0.825 0.3) (end -0.825 1.3) (layer B.Fab) (width 0.1))
    (fp_line (start -0.925 0.3) (end -0.825 0.3) (layer B.Fab) (width 0.1))
    (fp_line (start -1.075 -0.3) (end -1.075 0.15) (layer B.Fab) (width 0.1))
    (fp_line (start -1.075 -0.3) (end -0.825 -0.3) (layer B.Fab) (width 0.1))
    (fp_line (start -0.825 -0.3) (end -0.825 -1.3) (layer B.Fab) (width 0.1))
    (fp_line (start -0.425 -1.3) (end -0.825 -1.3) (layer B.Fab) (width 0.1))
    (fp_line (start -0.425 -1.5) (end -0.425 -1.3) (layer B.Fab) (width 0.1))
    (fp_line (start -0.885 1.4) (end -0.885 0.76) (layer B.SilkS) (width 0.12))
    (fp_line (start 2.08 1.8) (end 2.28 1.8) (layer B.CrtYd) (width 0.05))
    (fp_line (start 2.08 1.8) (end 2.08 2.5) (layer B.CrtYd) (width 0.05))
    (fp_line (start -1.32 1) (end -1.32 1.8) (layer B.CrtYd) (width 0.05))
    (fp_line (start 2.08 2.5) (end -1.12 2.5) (layer B.CrtYd) (width 0.05))
    (fp_line (start -1.12 1.8) (end -1.12 2.5) (layer B.CrtYd) (width 0.05))
    (fp_line (start -1.32 1.8) (end -1.12 1.8) (layer B.CrtYd) (width 0.05))
    (fp_line (start -1.32 -1.8) (end -1.32 -1) (layer B.CrtYd) (width 0.05))
    (fp_line (start -1.32 1) (end -2.02 1) (layer B.CrtYd) (width 0.05))
